	データ名	400nm	410nm	420nm	430nm	440nm	450nm	460nm	470nm	480nm	490nm	500nm	510nm	520nm	530nm	540nm	550nm	560nm	570nm	580nm	590nm	600nm	610nm	620nm	630nm	640nm	650nm	660nm	670nm	680nm	690nm	700nm
     4 	HWC ChW 6A (50)	38.62	65.09	85.16	90.77	91.13	91.26	91.37	91.63	91.73	91.90	92.04	92.08	92.10	92.07	92.04	92.07	92.18	92.36	92.48	92.53	92.53	92.50	92.51	92.44	92.44	92.50	92.48	92.49	92.42	92.53	92.50
    10 	HWC  BS  Z52  5:5  1-3	4.87	4.99	5.13	5.21	5.32	5.41	5.50	5.60	5.68	5.84	6.08	6.32	6.59	6.90	7.42	8.40	10.28	13.47	17.95	23.18	28.32	32.78	36.53	39.56	42.26	44.87	47.34	49.78	52.26	54.75	57.22
    11 	HWC  UL  Y7  5:5	45.43	50.39	55.77	60.86	64.86	66.19	63.17	55.57	43.52	31.89	21.45	13.96	9.15	6.14	4.44	3.44	2.86	2.57	2.43	2.37	2.40	2.49	2.65	2.88	3.25	3.84	4.77	6.19	8.49	11.78	16.65
    17 	HWC CL 29	8.55	8.56	8.51	8.50	8.46	8.35	8.29	8.01	7.45	6.85	6.31	5.93	5.63	5.61	5.74	5.80	5.78	5.88	6.52	8.40	12.89	21.79	35.59	50.01	62.24	71.30	76.84	80.06	81.96	83.30	84.29
    10 	HWC  PcB  43  5:5  1-3	12.95	18.29	22.32	27.46	36.56	45.22	50.85	54.18	53.93	50.95	45.05	37.36	28.53	20.39	13.80	8.79	5.52	3.93	3.41	3.19	3.13	3.15	3.19	3.30	3.37	3.51	3.60	3.66	3.60	3.58	3.58
    10 	HWC  MnBN  X3  5:5  1-3	36.39	47.04	53.40	59.24	67.56	72.93	74.31	74.59	73.54	71.75	68.44	63.22	55.46	46.55	37.40	28.44	20.68	15.54	12.86	11.41	10.31	9.56	9.34	9.32	9.46	10.12	11.32	12.10	11.90	11.32	10.09
    10 	HWC  Vd  Y8  5:5  1-3	7.18	7.70	8.38	9.36	10.84	13.38	18.71	26.86	36.96	45.19	49.49	49.08	45.14	39.70	33.37	26.67	20.39	15.22	11.14	8.06	6.21	5.43	5.23	5.22	5.25	5.35	5.53	5.91	6.49	7.15	7.69
    16 	HWC  Sc  Y1　6	7.16	7.05	7.06	7.12	7.05	6.84	6.37	5.86	5.45	5.21	5.15	5.25	5.35	5.45	5.83	6.60	7.92	11.76	23.83	45.83	67.73	80.23	84.84	86.08	86.46	86.68	86.76	86.88	86.99	87.20	87.26
     9 	HWC CL 9A	12.07	11.85	11.47	10.96	10.44	9.99	9.62	9.31	8.83	8.43	8.02	7.40	6.78	6.57	6.66	6.64	6.46	6.54	7.28	9.21	14.29	27.14	46.76	62.78	71.64	76.30	78.83	80.39	81.36	82.18	82.76
    23 	HWC CdYO X4	5.68	5.71	5.70	5.75	5.76	5.80	5.82	5.88	5.88	5.99	6.23	6.21	7.31	13.51	26.20	42.78	60.87	75.03	82.22	85.15	86.45	87.06	87.46	87.70	87.85	88.05	88.13	88.26	88.31	88.51	88.58
    17 	HWC CdYLm 78	5.19	5.23	5.27	5.33	5.48	5.93	7.25	10.27	18.98	35.06	56.44	71.65	78.41	80.93	82.02	82.91	83.91	84.94	85.71	86.21	86.53	86.74	86.94	87.04	87.17	87.31	87.37	87.43	87.43	87.61	87.66
