	name	400nm	410nm	420nm	430nm	440nm	450nm	460nm	470nm	480nm	490nm	500nm	510nm	520nm	530nm	540nm	550nm	560nm	570nm	580nm	590nm	600nm	610nm	620nm	630nm	640nm	650nm	660nm	670nm	680nm	690nm	700nm
     0	C	63.3	80.6	98.1	112.4	121.5	124.0	123.1	123.8	123.9	120.7	112.1	102.3	96.9	98.0	102.1	105.2	105.3	102.3	97.8	93.2	89.7	88.4	88.1	88.0	87.8	88.2	87.9	86.3	84.0	80.2	76.3
    -1	fl_d65_JISZ8716	3.04	2.25	1.52	2.95	6.07	3.86	4.69	5.31	5.67	5.75	5.48	5.07	4.61	4.18	4.29	5.81	3.68	3.77	5.25	4.04	4.18	4.28	4.33	4.27	4.10	3.85	3.52	3.17	2.77	 2.42	2.02
    -2	D65	82.75	91.49	93.43	86.68	104.86	117.01	117.81	114.86	115.92	108.81	109.35	107.80	104.79	107.69	104.41	104.05	100.00	96.33	95.79	88.69	90.01	89.60	87.70	83.29	83.70	83.29	83.70	80.03	80.21	82.28	78.28	69.72	71.61
     5 	Primary Cyan	25.61	34.01	39.16	45.44	57.11	66.13	68.59	68.55	66.06	62.04	55.64	47.41	37.55	28.17	20.34	13.96	9.39	6.84	5.73	5.21	4.83	4.61	4.56	4.61	4.70	5.00	5.34	5.46	5.33	5.10	4.86
     9 	Primary Magenta	21.87	22.79	22.13	20.49	17.83	15.05	12.62	10.69	8.62	7.09	6.05	5.15	4.24	3.78	3.84	3.96	4.03	4.38	5.95	10.95	22.17	39.00	56.89	70.05	77.85	81.99	84.06	85.17	85.87	86.46	86.87
     1 	Primary Yellow	3.75	3.52	3.46	3.48	3.58	3.76	3.99	4.63	7.01	14.75	35.98	62.23	79.45	85.77	87.59	88.40	88.83	89.43	90.14	90.73	91.18	91.32	91.51	91.63	91.75	91.92	91.99	92.03	92.10	92.24	92.28
     3 	HWC PhBYS YA	6.54	6.81	6.66	6.95	8.72	11.06	12.24	12.43	11.47	9.90	7.83	5.83	4.55	4.01	3.90	3.87	3.83	3.82	3.85	3.95	4.05	4.21	4.40	4.56	4.71	4.81	4.84	4.77	4.71	4.74	4.90
    31 	HWC  RoV  16	8.50	8.57	8.23	7.64	6.93	6.26	5.75	5.43	5.12	4.94	4.78	4.69	4.61	4.62	4.75	4.87	4.95	5.12	5.42	5.91	7.83	13.85	25.11	38.95	52.00	61.66	67.37	70.57	72.49	73.95	75.29
     3 	HWC ImdYD ZA	4.76	4.76	4.75	4.77	4.82	4.88	4.94	5.04	5.14	5.22	5.29	5.52	5.87	7.37	13.35	26.24	42.25	55.05	63.48	69.35	73.82	77.19	79.83	81.75	83.17	84.29	84.97	85.56	85.94	86.38	86.71
